3 10
45 32 72 48 65 63 73 92 99 64
12 36 82 14 21 3 68 41 4 25
83 38 57 53 81 89 16 34 2 46
75 54 69 19 43 13 40 24 60 77
70 49 95 71 50 28 59 33 98 100
80 93 90 11 61 20 26 22 88 31
8 27 91 79 52 86 66 42 62 84
15 55 74 78 67 35 97 47 1 96
94 44 7 18 39 58 5 29 23 56
10 9 76 6 37 85 17 87 30 51
1 45 50 49 16 20 83 19 12 46
55 42 18 99 76 92 26 94 41 75
87 2 3 30 34 39 97 90 11 47
59 67 21 28 70 35 93 63 17 71
38 52 57 73 85 86 23 31 33 7
13 54 6 84 37 51 74 66 40 96
81 58 10 15 43 27 95 62 36 65
56 77 82 100 68 9 53 91 22 5
72 78 69 24 25 88 98 8 29 32
4 48 14 89 80 64 60 79 61 44
29 15 88 47 9 83 63 53 33 22
31 44 62 100 41 5 79 14 70 25
96 80 32 67 89 82 3 81 98 13
20 43 37 85 34 49 19 76 46 91
2 24 16 11 26 94 4 7 10 61
93 12 78 97 39 54 64 87 51 68
58 40 69 55 45 50 60 92 1 99
72 28 77 18 59 48 65 57 27 36
52 86 42 73 56 75 23 95 74 8
21 84 38 90 71 17 35 30 66 6
59 94 16 27 68 58 79 38 17 84 21 57 5 22 73 95 2 30 64 14 49 1 87 41 29 46 96 35 54 48 85 31 42 93 3 8 88 6 37 86 18 45 75 63 24 55 47 36 97 13 23 92 78 91 40 80 32 52 39 66 12 81 34 82 67 56 33 50 4 90 62 74 51 25 76 28 20 15 7 26 44 9 83 61 77 100 69 65 89 70 71 72 98 19 43 99 10 11 53 60